54.3534648418427
52.5685701370239
56.0274770259857
55.8685958385468
56.295966386795
56.0173344612122
54.7451386451721
54.3063907623291
53.619336605072
57.9441781044006
60.5721490383148
69.1110677719116
61.9163904190063
62.4003043174744
54.6220569610596
56.603853225708
55.1978757381439
55.5884833335877
58.4778583049774
67.1593146324158
65.7820093631744
62.3035769462585
55.338725566864
63.5563495159149
64.1223757266998
65.5411577224731
63.6692128181458
61.5669808387756
55.0296120643616
56.6399917602539