41.3356096744537
48.2939558029175
48.3504867553711
49.1212031841278
46.7246181964874
45.8272261619568
47.2847335338593
45.4925582408905
46.5863592624664
47.1207158565521
47.6220717430115
46.2205140590668
50.3164041042328
51.2032661437988
53.8372747898102
49.6327314376831
48.2437579631805
47.5656683444977
47.4716348648071
47.2607605457306
48.4280958175659
48.4182498455048
47.5078058242798
47.0916297435761
47.4149436950684
46.4548482894898
52.0914726257324
47.9580407142639
40.784432888031
43.7245535850525