36.5070064067841
35.6372768878937
35.7154302597046
37.2597498893738
35.4133670330048
36.2583367824554
36.9264764785767
36.6222994327545
36.2002964019775
37.2766742706299
34.4573452472687
34.290402173996
35.4140491485596
33.4178845882416
34.2666416168213
33.9795942306519
34.6007342338562
34.0971338748932
34.8456084728241
33.8293490409851
34.6800916194916
34.3890316486359
34.1595361232758
34.3584358692169
35.1233580112457
33.6253590583801
35.0405650138855
34.1317842006683
34.1237235069275
34.76748919487